total_runs=50
successful_runs_with_perf=50
total_lost_packets_reported=0
duration_s:
  mean=5.005059
  median=5.005052
  p90=5.005118
  p95=5.005140
  p99=5.005233
throughput_pps:
  mean=799.191000
  median=799.190000
  p90=799.200000
  p95=799.200000
  p99=799.200000
