total_runs=50
successful_runs_with_perf=50
total_lost_packets_reported=0
duration_s:
  mean=5.005118
  median=5.005114
  p90=5.005156
  p95=5.005164
  p99=5.005222
throughput_pps:
  mean=799.182200
  median=799.180000
  p90=799.190000
  p95=799.190000
  p99=799.190000
